--------------------
BDMEP - INMET
--------------------
Estação           : PORTO ALEGRE - RS (OMM: 83967)
Latitude  (graus) : -30.05
Longitude (graus) : -51.16
Altitude  (metros): 46.97
Estação Operante
Inicio de operação: 09/12/1909
Periodo solicitado dos dados: 01/01/1961 a 31/12/2018
Os dados listados abaixo são os que encontram-se digitados no BDMEP
Hora em UTC
--------------------
Obs.: Os dados aparecem separados por ; (ponto e vírgula) no formato txt.
      Para o formato planilha XLS, siga as instruções
--------------------
Estacao;Data;Hora;PrecipitacaoTotal;TempCompensadaMedia;UmidadeRelativaMedia;
83967;31/01/1961;0000;72.9;25.38;66.66129;
83967;28/02/1961;0000;153.2;25.297143;71.598214;
83967;31/03/1961;0000;167.3;22.369677;78.153226;
83967;30/04/1961;0000;54.4;19.539333;80.758333;
83967;31/05/1961;0000;58.4;17.697419;84.959677;
83967;30/06/1961;0000;238.1;15.578667;84.783333;
83967;31/07/1961;0000;56.9;15.145161;84.072581;
83967;31/08/1961;0000;88.2;17.682581;81.072581;
83967;30/09/1961;0000;252.8;17.691333;84.55;
83967;31/10/1961;0000;182.5;21.340645;80.120968;
83967;30/11/1961;0000;92.8;22.663333;74.833333;
83967;31/12/1961;0000;134.1;24.116774;69.556452;
83967;31/01/1962;0000;57.1;23.996129;68.467742;
83967;28/02/1962;0000;38.5;22.958571;70.5625;
83967;31/03/1962;0000;85.7;23.740645;75.112903;
83967;30/04/1962;0000;50.4;19.322667;77.108333;
83967;31/05/1962;0000;22.4;15.071613;79.709677;
83967;30/06/1962;0000;29.7;13.862667;81.1;
83967;31/07/1962;0000;72.2;12.794839;83.717742;
83967;31/08/1962;0000;86.9;14.252903;79.282258;
83967;30/09/1962;0000;123.5;17.047333;76.516667;
83967;31/10/1962;0000;67.1;18.008387;71.782258;
83967;30/11/1962;0000;30.2;22.032667;68.8;
83967;31/12/1962;0000;48.2;24.199355;62.822581;
83967;31/01/1963;0000;90.4;24.950323;72.008065;
83967;28/02/1963;0000;76.3;25.011429;72.464286;
83967;31/03/1963;0000;96.9;24.226452;76.612903;
83967;30/04/1963;0000;36.7;20.414;76.066667;
83967;31/05/1963;0000;41.1;17.22129;80.75;
83967;30/06/1963;0000;79.7;15.008;76.8;
83967;31/07/1963;0000;62.1;15.419355;79.806452;
83967;31/08/1963;0000;162.4;14.804516;81.209677;
83967;30/09/1963;0000;115.7;18.007333;84.025;
83967;31/10/1963;0000;303.4;19.036129;78.814516;
83967;30/11/1963;0000;181.7;21.162;74.158333;
83967;31/12/1963;0000;70.7;23.037419;68.677419;
83967;31/01/1964;0000;19;24.580645;64.685484;
83967;29/02/1964;0000;107.6;24.331724;71.198276;
83967;31/03/1964;0000;51.9;23.310968;71.185484;
83967;30/04/1964;0000;55.6;20.611333;78.491667;
83967;31/05/1964;0000;48.5;17.025806;82.75;
83967;30/06/1964;0000;67.2;12.448;82.483333;
83967;31/07/1964;0000;163.7;12.184516;82.314516;
83967;31/08/1964;0000;173.9;15.44;80.604839;
83967;30/09/1964;0000;115.2;16.56;80.658333;
83967;31/10/1964;0000;73.1;17.997419;72.604839;
83967;30/11/1964;0000;49.2;20.403333;64.591667;
83967;31/12/1964;0000;115.1;22.263871;65.072581;
83967;31/01/1965;0000;91.1;24.470323;65.959677;
83967;28/02/1965;0000;58.7;25.531429;68.446429;
83967;31/03/1965;0000;98.8;21.22129;72.395161;
83967;30/04/1965;0000;27.2;19.680667;78.216667;
83967;31/05/1965;0000;92;15.775484;82.177419;
83967;30/06/1965;0000;48;16.29;88.283333;
83967;31/07/1965;0000;86;13.909032;79.991935;
83967;31/08/1965;0000;330;15.692903;84.08871;
83967;30/09/1965;0000;240.5;16.765333;79.308333;
83967;31/10/1965;0000;249.6;19.783871;71.637097;
83967;30/11/1965;0000;53.4;21.654667;74.308333;
83967;31/12/1965;0000;142.8;23.531613;75.677419;
83967;31/01/1966;0000;107.1;24.715484;76.274194;
83967;28/02/1966;0000;198.9;23.970714;79.330357;
83967;31/03/1966;0000;107.8;22.980645;78.66129;
83967;30/04/1966;0000;32.7;20.85;79;
83967;31/05/1966;0000;2.5;17.335484;78.830645;
83967;30/06/1966;0000;120.4;15.699333;81.7;
83967;31/07/1966;0000;195.2;14.947742;82.016129;
83967;31/08/1966;0000;221.9;13.502581;80.080645;
83967;30/09/1966;0000;126.8;15.684667;76.875;
83967;31/10/1966;0000;135.2;18.644516;74.516129;
83967;30/11/1966;0000;50.2;21.756;72.091667;
83967;31/12/1966;0000;224.2;23.236774;73.403226;
83967;31/01/1967;0000;134.8;24.154839;70.741935;
83967;28/02/1967;0000;90;23.866429;74.830357;
83967;31/03/1967;0000;57.1;21.935484;74.008065;
83967;30/04/1967;0000;41.2;19.874667;76.95;
83967;31/05/1967;0000;40.9;19.646452;81.669355;
83967;31/07/1967;0000;42.9;15.216129;81.959677;
83967;31/08/1967;0000;94.1;16.69871;79.556452;
83967;30/09/1967;0000;297.8;17.908667;80.433333;
83967;31/10/1967;0000;68.1;21.549677;75.185484;
83967;30/11/1967;0000;55.4;21.711333;69.825;
83967;31/12/1967;0000;57.4;23.952258;60.612903;
83967;31/01/1968;0000;144.4;24.630323;67.354839;
83967;29/02/1968;0000;76.3;24.537931;64.043103;
83967;31/03/1968;0000;176.2;23.445806;73.983871;
83967;30/04/1968;0000;89.3;16.916667;72.433333;
83967;31/05/1968;0000;32.3;14.107742;78.120968;
83967;30/06/1968;0000;56.6;14.722667;83.941667;
83967;31/07/1968;0000;70;15.352903;84.217742;
83967;31/08/1968;0000;11.7;16.323226;78.951613;
83967;30/09/1968;0000;166.2;16.746;74.941667;
83967;31/10/1968;0000;141.6;19.573548;75.943548;
83967;30/11/1968;0000;95.1;23.521333;75.108333;
83967;31/12/1968;0000;69.6;23.969677;71.314516;
83967;31/01/1969;0000;99.5;23.788387;77.274194;
83967;28/02/1969;0000;187.5;24.707857;77.973214;
83967;31/03/1969;0000;62.4;23.009677;76.395161;
83967;30/04/1969;0000;70.8;20.627333;78.491667;
83967;31/05/1969;0000;95.6;17.647097;79.75;
83967;30/06/1969;0000;73.9;15.254667;79.466667;
83967;31/07/1969;0000;45.4;14.576129;81.782258;
83967;31/08/1969;0000;93;14.158065;76.701613;
83967;30/09/1969;0000;84.1;17.213333;75.291667;
83967;31/10/1969;0000;22.6;18.094839;68.5;
83967;30/11/1969;0000;97.1;21.452667;73.291667;
83967;31/12/1969;0000;52.2;23.196129;67.080645;
83967;31/01/1970;0000;35.7;25.097419;69.266129;
83967;28/02/1970;0000;92.6;25.707143;71.526786;
83967;31/03/1970;0000;144.6;24.129032;74.806452;
83967;30/04/1970;0000;36.8;21.574;73.491667;
83967;31/05/1970;0000;187.7;18.012258;84.830645;
83967;30/06/1970;0000;220.5;15.372;84.1;
83967;31/07/1970;0000;179.4;14.841935;83.919355;
83967;31/08/1970;0000;96.5;15.289032;78.177419;
83967;30/09/1970;0000;15.2;17.449333;78.291667;
83967;31/10/1970;0000;140.7;18.580645;77.25;
83967;30/11/1970;0000;52.2;19.552667;70.491667;
83967;31/12/1970;0000;71;23.763226;70.354839;
83967;31/01/1971;0000;109.8;25.508387;73.733871;
83967;28/02/1971;0000;98.1;25.19;78.660714;
83967;31/03/1971;0000;144.8;22.786452;80.032258;
83967;30/04/1971;0000;58.9;18.494;77.191667;
83967;31/05/1971;0000;84.5;15.009032;82.830645;
83967;30/06/1971;0000;159.7;12.54;81.691667;
83967;31/07/1971;0000;61.7;14.73871;82.612903;
83967;31/08/1971;0000;137.7;15.429032;80.129032;
83967;30/09/1971;0000;65.9;19.61;77.675;
83967;31/10/1971;0000;31.2;19.614839;71.564516;
83967;30/11/1971;0000;56.6;21.707333;65.283333;
83967;31/12/1971;0000;117.2;24.558065;62.435484;
83967;31/01/1972;0000;215.4;24.529032;72.879032;
83967;29/02/1972;0000;188.7;23.832414;72.413793;
83967;31/03/1972;0000;192.7;22.867742;80.370968;
83967;30/04/1972;0000;122.7;19.209333;79.15;
83967;31/05/1972;0000;74.9;19.168387;83.895161;
83967;30/06/1972;0000;253.5;17.854;86.316667;
83967;31/07/1972;0000;184.7;14.718065;82.862903;
83967;31/08/1972;0000;239.2;15.222581;82.983871;
83967;30/09/1972;0000;219.4;17.51;76.691667;
83967;31/10/1972;0000;141;18.423871;73.846774;
83967;30/11/1972;0000;115.3;20.47;76.616667;
83967;31/12/1972;0000;36.1;24.090968;66.943548;
83967;31/01/1973;0000;185.7;25.274194;72.330645;
83967;28/02/1973;0000;144.5;25.141429;77.848214;
83967;31/03/1973;0000;80.9;23.22;76.427419;
83967;30/04/1973;0000;77.3;21.872;81.133333;
83967;31/05/1973;0000;125;17.772258;83.024194;
83967;30/06/1973;0000;66.5;15.982667;82.883333;
83967;31/07/1973;0000;200.5;14.948387;86.467742;
83967;31/08/1973;0000;145.3;13.496774;81;
83967;30/09/1973;0000;138.1;16.166;78.3;
83967;31/10/1973;0000;88.2;19.424516;75.185484;
83967;30/11/1973;0000;8.2;20.478667;64.358333;
83967;31/12/1973;0000;94.5;23.771613;73.564516;
83967;31/01/1974;0000;85.9;25.670323;71.395161;
83967;28/02/1974;0000;70.6;24.726429;79.669643;
83967;31/03/1974;0000;106.5;23.308667;82.108333;
83967;30/04/1974;0000;0.5;20.554;74.466667;
83967;31/05/1974;0000;128;18.234194;81.548387;
83967;30/06/1974;0000;264.3;12.922;82.641667;
83967;31/07/1974;0000;60.5;15.743226;87.983333;
83967;31/08/1974;0000;108.2;14.804516;78.435484;
83967;30/09/1974;0000;47.9;15.988;82.933333;
83967;31/10/1974;0000;36.4;17.647742;74.451613;
83967;30/11/1974;0000;144.4;19.984;74.308333;
83967;31/12/1974;0000;145.5;21.332903;74.008065;
83967;31/01/1975;0000;104.9;22.955484;69.540323;
83967;28/02/1975;0000;102.4;23.76;75.375;
83967;31/03/1975;0000;67;22.74129;76.814516;
83967;30/04/1975;0000;42.2;19.626667;77.1;
83967;31/05/1975;0000;87.4;16.890968;81.032258;
83967;30/06/1975;0000;122.6;14.686;82.991667;
83967;31/07/1975;0000;69.2;13.479355;77;
83967;31/08/1975;0000;262.6;15.808387;82.08871;
83967;30/09/1975;0000;157.7;17.035333;80.483333;
83967;31/10/1975;0000;68.7;18.050323;74.927419;
83967;30/11/1975;0000;91.6;20.466;68.15;
83967;31/12/1975;0000;111.4;23.049032;69.58871;
83967;31/01/1976;0000;98.6;24.423871;74.153226;
83967;29/02/1976;0000;80.1;23.549655;72.62931;
83967;31/03/1976;0000;144;21.364516;77.185484;
83967;30/04/1976;0000;108.6;18.399333;78.583333;
83967;31/05/1976;0000;185.2;16.458065;83.725806;
83967;30/06/1976;0000;114.2;13.131333;78.491667;
83967;31/07/1976;0000;251.4;13.885161;82.08871;
83967;31/08/1976;0000;94.1;14.150968;80.427419;
83967;30/09/1976;0000;115.7;15.871333;75.575;
83967;31/10/1976;0000;83.8;18.163871;72.822581;
83967;30/11/1976;0000;106.5;20.148;73;
83967;31/12/1976;0000;169.3;23.172258;68.282258;
83967;31/01/1977;0000;78;24.873548;75.467742;
83967;28/02/1977;0000;76.9;25.840714;76.491071;
83967;31/03/1977;0000;106.4;23.31871;74.806452;
83967;30/04/1977;0000;106.9;19.342;77.316667;
83967;31/05/1977;0000;72.7;16.143871;80.443548;
83967;30/06/1977;0000;221.2;15.122;85.125;
83967;31/07/1977;0000;215.1;17.029677;79.016129;
83967;31/08/1977;0000;132.9;14.711613;85.290323;
83967;30/09/1977;0000;72.9;19.026;74.175;
83967;31/10/1977;0000;55.7;21.167742;73.483871;
83967;30/11/1977;0000;84.8;21.594667;69.183333;
83967;31/12/1977;0000;89.3;23.269677;71.201613;
83967;31/01/1978;0000;111.8;24.554194;70.193548;
83967;28/02/1978;0000;36.9;23.797857;69.044643;
83967;31/03/1978;0000;50.4;23.363871;74.524194;
83967;30/04/1978;0000;14.8;18.348667;71.216667;
83967;31/05/1978;0000;27.4;14.70129;71.080645;
83967;30/06/1978;0000;91.6;14.422;77.558333;
83967;31/07/1978;0000;92.6;15.827097;83.903226;
83967;31/08/1978;0000;185.2;14.691613;79.072581;
83967;30/09/1978;0000;90.7;17.526667;77.991667;
83967;31/10/1978;0000;151.6;20.039355;79.120968;
83967;30/11/1978;0000;123.4;20.784;74.341667;
83967;31/12/1978;0000;87.5;23.513548;70.104839;
83967;31/01/1979;0000;27.5;23.251613;62.741935;
83967;28/02/1979;0000;49.4;24.547692;71.798077;
83967;31/03/1979;0000;61.5;21.725161;74.709677;
83967;30/04/1979;0000;162.5;18.537143;79.642857;
83967;31/05/1979;0000;70.7;15.224;77.940476;
83967;30/06/1979;0000;45.3;11.765455;79.511364;
83967;31/07/1979;0000;19.6;14.330588;79.455882;
83967;31/08/1979;0000;81.6;16.463636;80.704545;
83967;30/09/1979;0000;61.1;15.992222;71.013889;
83967;31/10/1979;0000;53.2;19.34087;78.380435;
83967;30/11/1979;0000;58.1;20.781818;68.875;
83967;31/12/1979;0000;88;23.187407;74.361111;
83967;31/01/1980;0000;51.3;23.592143;68.455357;
83967;29/02/1980;0000;87;24.5104;74.52;
83967;31/03/1980;0000;28.3;25.292308;76.375;
83967;30/04/1980;0000;90.6;22.029565;73.943182;
83967;31/05/1980;0000;80.4;18.583478;80.195652;
83967;30/06/1980;0000;30.4;;;
83967;31/07/1980;0000;114.6;;;
83967;31/08/1980;0000;16.1;15.016842;76.671053;
83967;30/09/1980;0000;22.4;14.534667;68.75;
83967;31/10/1980;0000;83.2;18.983077;75.019231;
83967;30/11/1980;0000;43;20.839167;70.46875;
83967;31/12/1980;0000;144;23.061667;76.73913;
83967;31/01/1981;0000;104.8;24.707143;72.044643;
83967;28/02/1981;0000;70.2;25.748889;75.930556;
83967;31/03/1981;0000;14.5;22.438571;74.910714;
83967;30/04/1981;0000;42.2;20.6424;80.6;
83967;31/05/1981;0000;34.6;20.3528;80.04;
83967;30/06/1981;0000;92.8;;;
83967;31/07/1981;0000;39.5;15.541818;76.375;
83967;31/08/1981;0000;37.1;16.527826;69.782609;
83967;30/09/1981;0000;39.4;16.798824;74.867647;
83967;31/10/1981;0000;17.5;18.32;68.538462;
83967;30/11/1981;0000;74.3;21.73;72.683333;
83967;31/12/1981;0000;48.4;22.456296;67.185185;
83967;31/01/1982;0000;10;23.530667;63.158333;
83967;28/02/1982;0000;90.3;24.474615;72.259615;
83967;31/03/1982;0000;42.8;23.295333;72.483333;
83967;30/04/1982;0000;15.2;20.810345;69.362069;
83967;31/05/1982;0000;22.7;16.62;72.021739;
83967;30/06/1982;0000;24.1;15.61875;77.265625;
83967;31/07/1982;0000;68.7;13.582105;80.355263;
83967;31/08/1982;0000;61.7;15.413;78.5125;
83967;30/09/1982;0000;160.8;18.387692;76.865385;
83967;31/10/1982;0000;172.3;18.186667;69.212963;
83967;30/11/1982;0000;159.3;20.3488;75.42;
83967;31/12/1982;0000;70.9;22.989655;71.455357;
83967;31/01/1983;0000;87.7;24.981935;76.879032;
83967;28/02/1983;0000;158.8;24.172857;75.5;
83967;31/03/1983;0000;166.4;21.594839;77.346774;
83967;30/04/1983;0000;90.3;19.828;80.358333;
83967;31/05/1983;0000;172.2;17.547097;82.58871;
83967;30/06/1983;0000;105.7;12.738667;79.425;
83967;31/07/1983;0000;219.1;13.225161;84.822581;
83967;31/08/1983;0000;228.2;15.542581;78;
83967;30/09/1983;0000;55;15.442667;74.941667;
83967;31/10/1983;0000;155.3;19.575484;73.943548;
83967;30/11/1983;0000;133.6;21.864;73.325;
83967;31/12/1983;0000;44;24.296129;69.080645;
83967;31/01/1984;0000;151.7;25.925161;74.653226;
83967;29/02/1984;0000;99.7;26.83931;72.043103;
83967;31/03/1984;0000;99.1;23.374194;73.41129;
83967;30/04/1984;0000;243.9;19.54;76.066667;
83967;31/05/1984;0000;268.6;17.655484;80.258065;
83967;30/06/1984;0000;340.1;14.150667;84.283333;
83967;31/07/1984;0000;125.5;14.447742;77.669355;
83967;31/08/1984;0000;97.3;12.975484;78.943548;
83967;30/09/1984;0000;63.3;16.362667;75.858333;
83967;31/10/1984;0000;69.5;19.984516;73.572581;
83967;30/11/1984;0000;69.8;20.657333;69.683333;
83967;31/12/1984;0000;42.2;21.302581;67.177419;
83967;31/01/1988;0000;141.4;24.710323;74.66129;
83967;29/02/1988;0000;23.1;23.92069;70.594828;
83967;31/03/1988;0000;6.3;25.592903;65.620968;
83967;30/04/1988;0000;75.1;18.931333;70.408333;
83967;31/05/1988;0000;43.5;13.951613;79.491935;
83967;30/06/1988;0000;170.8;11.756667;82.641667;
83967;31/07/1988;0000;49.5;13.001935;74.241935;
83967;31/08/1988;0000;21;15.406452;76.387097;
83967;30/09/1988;0000;234.5;15.701333;81.383333;
83967;31/10/1988;0000;130.4;18.385161;68.056452;
83967;30/11/1988;0000;130.1;20.74;65.791667;
83967;31/12/1988;0000;29.5;24.098065;66.967742;
83967;31/01/1989;0000;194.1;24.61871;72.16129;
83967;28/02/1989;0000;23.1;24.937143;70.303571;
83967;31/03/1989;0000;130.8;23.249032;72.830645;
83967;30/04/1989;0000;145;20.486667;79.608333;
83967;31/05/1989;0000;61.9;16.497419;78.854839;
83967;30/06/1989;0000;86.6;14.82;83.575;
83967;31/07/1989;0000;98.5;12.291613;79.83871;
83967;31/08/1989;0000;122.7;15.852903;72.443548;
83967;30/09/1989;0000;145.3;15.648;74.391667;
83967;31/10/1989;0000;72.9;18.076774;70.290323;
83967;30/11/1989;0000;101.3;21.334667;66.375;
83967;31/12/1989;0000;43.9;24.263871;66.290323;
83967;31/01/1990;0000;64;24.924516;70.137097;
83967;28/02/1990;0000;164.2;24.405185;74.731481;
83967;31/03/1990;0000;108;23.222581;76.491935;
83967;30/04/1990;0000;195.5;21.035333;82.466667;
83967;31/05/1990;0000;53.6;15.465161;79.814516;
83967;30/06/1990;0000;112.9;12.402667;80.416667;
83967;31/07/1990;0000;47.9;12.502581;77.596774;
83967;31/08/1990;0000;20.8;15.616774;71.524194;
83967;30/09/1990;0000;232.6;15.257333;77.725;
83967;31/10/1990;0000;235.5;20.857419;76.524194;
83967;30/11/1990;0000;219.6;22.955333;72.433333;
83967;31/12/1990;0000;152.5;22.543871;68.604839;
83967;31/01/1991;0000;55.1;23.672258;65.290323;
83967;28/02/1991;0000;82.1;24.017143;63.857143;
83967;31/03/1991;0000;61.4;24.111613;68.895161;
83967;30/04/1991;0000;210.3;20.548;76.658333;
83967;31/05/1991;0000;32.9;19.414839;75.346774;
83967;30/06/1991;0000;103.4;15.219333;80.975;
83967;31/07/1991;0000;180.3;13.831613;75.620968;
83967;31/08/1991;0000;114.4;16.388387;75.298387;
83967;30/09/1991;0000;59.8;17.849333;70.716667;
83967;31/10/1991;0000;89.3;20.365333;70.45;
83967;30/11/1991;0000;67.1;21.27;72.541667;
83967;31/12/1991;0000;124.9;24.818065;71.967742;
83967;31/01/1992;0000;166.6;24.507742;69.854839;
83967;29/02/1992;0000;87.1;25.787857;74.348214;
83967;31/03/1992;0000;197.2;24.034839;77.58871;
83967;30/04/1992;0000;166;20.456;79.975;
83967;31/05/1992;0000;79.6;16.378065;79.66129;
83967;30/06/1992;0000;118.4;16.413333;78.916667;
83967;31/07/1992;0000;227.5;11.873548;81.75;
83967;31/08/1992;0000;67;14.298065;75.983871;
83967;30/09/1992;0000;199;16.736;78.333333;
83967;31/10/1992;0000;95.4;19.529677;75.943548;
83967;30/11/1992;0000;51.4;20.632;80.008333;
83967;31/12/1992;0000;69;23.132903;79.354839;
83967;31/01/1993;0000;165.7;25.063226;83.725806;
83967;28/02/1993;0000;106.6;23.6;85.767857;
83967;31/03/1993;0000;71.6;22.883871;85.032258;
83967;30/04/1993;0000;34.7;21.732;75.45;
83967;31/05/1993;0000;184.9;17.152258;78.685484;
83967;30/06/1993;0000;102.7;13.552;82.358333;
83967;31/07/1993;0000;198.3;12.926452;82.709677;
83967;31/08/1993;0000;36.8;14.356774;72.258065;
83967;30/09/1993;0000;72.2;15.813333;77.116667;
83967;31/10/1993;0000;147.8;20.360645;77.314516;
83967;30/11/1993;0000;175.1;22.158;69.566667;
83967;31/12/1993;0000;198.3;23.368387;72.169355;
83967;31/01/1994;0000;74.2;23.909032;70.508065;
83967;28/02/1994;0000;251;23.654074;80.5;
83967;31/03/1994;0000;139.6;22.508;75.983333;
83967;30/04/1994;0000;155.9;19.212414;79.594828;
83967;31/05/1994;0000;140.8;19.13;84.716667;
83967;30/06/1994;0000;132.4;14.325333;80.533333;
83967;31/07/1994;0000;180.2;15.069677;80.596774;
83967;31/08/1994;0000;147.9;15.190968;78.5;
83967;30/09/1994;0000;38.3;18.428667;73.225;
83967;31/10/1994;0000;228.6;19.52129;79.427419;
83967;30/11/1994;0000;77.8;21.012667;72.758333;
83967;31/12/1994;0000;103.9;25.199355;70.209677;
83967;31/01/1995;0000;87.7;25.042581;77.225806;
83967;28/02/1995;0000;85.5;23.650714;75.964286;
83967;31/03/1995;0000;59.8;23.041935;74.508065;
83967;30/04/1995;0000;85;19.772667;74.85;
83967;31/05/1995;0000;64.9;16.13871;82.137097;
83967;30/06/1995;0000;181.4;14.29;83.325;
83967;31/07/1995;0000;249.1;16.120645;84.185484;
83967;31/08/1995;0000;152.7;15.715333;81;
83967;30/09/1995;0000;184.6;16.787333;76.941667;
83967;31/10/1995;0000;87.7;18.444516;71.508065;
83967;30/11/1995;0000;56.4;22.663333;71.758333;
83967;31/12/1995;0000;136.7;24.122581;68.080645;
83967;31/01/1996;0000;179.4;24.290323;78.258065;
83967;29/02/1996;0000;87;24.182069;78.103448;
83967;31/03/1996;0000;88.1;23.093548;76.927419;
83967;30/04/1996;0000;74.4;21.026667;77.883333;
83967;31/05/1996;0000;10.3;17.009032;80.096774;
83967;30/06/1996;0000;158.1;12.296;81.441667;
83967;31/07/1996;0000;24.7;11.235484;79.274194;
83967;31/08/1996;0000;156.7;15.554839;80.217742;
83967;30/09/1996;0000;155.3;15.930667;76.508333;
83967;31/10/1996;0000;186.2;19.881935;76.806452;
83967;30/11/1996;0000;93.7;22.376667;73.641667;
83967;31/12/1996;0000;111.5;24.067333;74.633333;
83967;31/01/1997;0000;102.1;25.76129;72.491935;
83967;28/02/1997;0000;126;24.4;80.366071;
83967;31/03/1997;0000;48.8;22.425161;72.266129;
83967;30/04/1997;0000;63.3;20.055333;73.275;
83967;31/05/1997;0000;63.7;16.79871;77.870968;
83967;30/06/1997;0000;171.8;14.192;80.016667;
83967;31/07/1997;0000;103.5;15.295484;82.258065;
83967;31/08/1997;0000;185;16.926452;79.653226;
83967;30/09/1997;0000;52.9;17.155333;76.258333;
83967;31/10/1997;0000;266.2;18.949032;82.008065;
83967;30/11/1997;0000;121.5;21.261333;78.158333;
83967;31/12/1997;0000;197;24.469677;71.927419;
83967;31/01/1998;0000;134.2;24.072903;79.379032;
83967;28/02/1998;0000;128.1;23.662857;81.616071;
83967;31/03/1998;0000;147.7;22.206452;77.403226;
83967;30/04/1998;0000;101.5;19.865333;81.116667;
83967;31/05/1998;0000;153.9;16.542581;84.758065;
83967;30/06/1998;0000;48.9;13.927333;84.466667;
83967;31/07/1998;0000;236.9;15.312258;85.596774;
83967;31/08/1998;0000;146.3;15.814839;85.483871;
83967;30/09/1998;0000;137.5;16.431333;79.9;
83967;31/10/1998;0000;44.4;19.427742;74.66129;
83967;30/11/1998;0000;47.4;21.429333;67.233333;
83967;31/12/1998;0000;134.6;22.823871;70.508065;
83967;31/01/1999;0000;100.6;24.632903;72.532258;
83967;28/02/1999;0000;80.4;23.820714;76.419643;
83967;31/03/1999;0000;53;25.022581;72.854839;
83967;30/04/1999;0000;162.2;18.863333;80.433333;
83967;31/05/1999;0000;110.9;16.063871;78.080645;
83967;30/06/1999;0000;152.1;13.619333;84.466667;
83967;31/07/1999;0000;168.9;13.94129;83.056452;
83967;31/08/1999;0000;71.6;15.399355;75.177419;
83967;30/09/1999;0000;107.9;17.048667;76.083333;
83967;31/10/1999;0000;115.8;18.186452;74.854839;
83967;30/11/1999;0000;108.6;20.309333;69.116667;
83967;31/12/1999;0000;65.1;23.074194;72.427419;
83967;31/01/2000;0000;41.3;24.832903;72.790323;
83967;29/02/2000;0000;108.4;24.04069;74.827586;
83967;31/03/2000;0000;107.9;22.404516;77.508065;
83967;30/04/2000;0000;141.2;20.845333;79.925;
83967;31/05/2000;0000;129.6;16.594194;80.532258;
83967;30/06/2000;0000;231.9;16.24;81.933333;
83967;31/07/2000;0000;123.1;11.320645;76.709677;
83967;31/08/2000;0000;93.9;14.036129;73.612903;
83967;30/09/2000;0000;240.2;16.556;75.225;
83967;31/10/2000;0000;141.6;19.401935;78.427419;
83967;30/11/2000;0000;141.2;21.056;70.558333;
83967;31/12/2000;0000;72;23.637419;71.395161;
83967;30/09/2001;0000;52;;;
83967;31/10/2001;0000;129.6;21.3472;76.16;
83967;30/11/2001;0000;135.6;21.953793;75.017241;
83967;31/12/2001;0000;49.7;22.842308;76.442308;
83967;31/01/2002;0000;72.4;25.027586;73.060345;
83967;28/02/2002;0000;83;23.654615;73.480769;
83967;31/03/2002;0000;152.2;25.905806;79.048387;
83967;30/04/2002;0000;139.4;21.147857;81.598214;
83967;31/05/2002;0000;140.4;18.919355;84.830645;
83967;30/06/2002;0000;181.4;14.860667;84.183333;
83967;31/07/2002;0000;186.6;14.045806;83.572581;
83967;31/08/2002;0000;154.6;16.828667;82;
83967;30/09/2002;0000;167.8;15.724667;76.683333;
83967;31/10/2002;0000;177.6;20.879355;80.225806;
83967;30/11/2002;0000;114.7;22.208;73.766667;
83967;31/12/2002;0000;137.2;23.650968;75.516129;
83967;31/01/2003;0000;130.8;25.083871;70.25;
83967;28/02/2003;0000;199.1;25.615714;75.205357;
83967;31/03/2003;0000;108.2;23.889677;77.080645;
83967;30/04/2003;0000;88.9;19.887333;78.158333;
83967;31/05/2003;0000;46;17.289677;78.653226;
83967;30/06/2003;0000;167;16.496;85.916667;
83967;31/07/2003;0000;159.1;14.625806;82.306452;
83967;31/08/2003;0000;57.8;14.152903;74.491935;
83967;30/09/2003;0000;56.6;16.242667;75.416667;
83967;31/10/2003;0000;190.2;20.009677;72.991935;
83967;30/11/2003;0000;137.2;21.552667;71.416667;
83967;31/12/2003;0000;185;22.397419;70.290323;
83967;31/01/2004;0000;58.1;24.679355;72.701613;
83967;29/02/2004;0000;87;23.687586;71.905172;
83967;31/03/2004;0000;27.4;22.92129;74.056452;
83967;30/04/2004;0000;64.9;22.077333;76.466667;
83967;31/05/2004;0000;186.7;15.932258;85.556452;
83967;30/06/2004;0000;102.7;15.858;84.258333;
83967;31/07/2004;0000;141.8;13.535484;81.629032;
83967;31/08/2004;0000;71.5;15.36;79.387097;
83967;30/09/2004;0000;193.3;18.549333;81.308333;
83967;31/10/2004;0000;76.3;18.797419;71.201613;
83967;30/11/2004;0000;115.2;21.074667;74.55;
83967;31/12/2004;0000;33.7;23.084516;69.193548;
83967;31/01/2005;0000;28.8;25.436774;68;
83967;28/02/2005;0000;41;24.507857;72.616071;
83967;31/03/2005;0000;141.3;23.821935;73.048387;
83967;30/04/2005;0000;145.8;20.096667;82.483333;
83967;31/05/2005;0000;153.7;18.13871;82.467742;
83967;30/06/2005;0000;34.7;18.184667;83.683333;
83967;31/07/2005;0000;57.7;14.909677;78.16129;
83967;31/08/2005;0000;155.9;16.883226;79.370968;
83967;30/09/2005;0000;164.3;15.699333;78.083333;
83967;31/10/2005;0000;271.1;19.130323;78.032258;
83967;30/11/2005;0000;79.3;22.063333;66.066667;
83967;31/12/2005;0000;56;22.949032;67.209677;
83967;31/01/2006;0000;174.2;25.552258;74.064516;
83967;28/02/2006;0000;88.9;24.441429;74.178571;
83967;31/03/2006;0000;81.2;23.934194;72.177419;
83967;30/04/2006;0000;17.6;20.186;76.016667;
83967;31/05/2006;0000;171.8;15.454839;81.322581;
83967;30/06/2006;0000;66.7;15.616667;82.841667;
83967;31/07/2006;0000;67.5;17.036774;80.427419;
83967;31/08/2006;0000;84.1;15.041935;77.580645;
83967;30/09/2006;0000;99.8;16.085333;74.108333;
83967;31/10/2006;0000;38.6;20.643871;73.129032;
83967;30/11/2006;0000;118.4;20.934;72.233333;
83967;31/12/2006;0000;136;25.128387;70.733871;
83967;31/01/2007;0000;89;25.323871;71.258065;
83967;28/02/2007;0000;167.5;24.939286;72.6875;
83967;31/03/2007;0000;108.9;24.989032;82;
83967;30/04/2007;0000;38.9;22.020667;79.1;
83967;31/05/2007;0000;134.9;15.14;79.830645;
83967;30/06/2007;0000;235.7;14.27;84.1;
83967;31/07/2007;0000;178.6;12.161935;81.379032;
83967;31/08/2007;0000;149.1;14.258065;82.129032;
83967;30/09/2007;0000;174.9;19.158;79.7;
83967;31/10/2007;0000;70;20.870968;78.580645;
83967;30/11/2007;0000;132.3;20.344;70.066667;
83967;31/12/2007;0000;89;24.033548;70.854839;
83967;31/01/2008;0000;105;24.458065;69.919355;
83967;29/02/2008;0000;72.1;23.966207;75.37931;
83967;31/03/2008;0000;75.1;23.829032;73.733871;
83967;30/04/2008;0000;125.2;19.646;77.941667;
83967;31/05/2008;0000;220.7;16.645161;81.653226;
83967;30/06/2008;0000;124.8;13.014;85.691667;
83967;31/07/2008;0000;138.4;16.216129;83.725806;
83967;31/08/2008;0000;121.9;15.473548;80.233871;
83967;30/09/2008;0000;156.5;15.962667;76.8;
83967;31/10/2008;0000;219.5;19.252258;78.524194;
83967;30/11/2008;0000;21.8;21.861333;73.591667;
83967;31/12/2008;0000;120.6;23.121935;71.741935;
83967;31/01/2009;0000;169.6;23.553548;75.491935;
83967;28/02/2009;0000;111.4;24.718571;75.241071;
83967;31/03/2009;0000;72.6;23.670323;78.201613;
83967;30/04/2009;0000;31;20.844;74.05;
83967;31/05/2009;0000;106.1;17.748387;79.951613;
83967;30/06/2009;0000;57.1;13.277333;81.95;
83967;31/07/2009;0000;57.2;11.959355;79.25;
83967;31/08/2009;0000;264.5;16.693548;76.798387;
83967;30/09/2009;0000;293.7;17.048667;82.333333;
83967;31/10/2009;0000;125;18.917419;75.008065;
83967;30/11/2009;0000;287.6;23.22;81.675;
83967;31/12/2009;0000;143.8;23.76129;76.282258;
83967;31/01/2010;0000;173.7;25.144516;77.572581;
83967;28/02/2010;0000;110.9;26.442143;73.732143;
83967;31/03/2010;0000;103.1;23.689677;78.959677;
83967;30/04/2010;0000;71.6;20.157333;78.775;
83967;31/05/2010;0000;119.9;17.282581;85.903226;
83967;30/06/2010;0000;204.6;15.063333;83.241667;
83967;31/07/2010;0000;170.2;14.445161;81.096774;
83967;31/08/2010;0000;95.5;14.627097;80.701613;
83967;30/09/2010;0000;180.8;17.524667;79.4;
83967;31/10/2010;0000;57.8;18.407097;73.677419;
83967;30/11/2010;0000;72.1;21.008667;70.633333;
83967;31/12/2010;0000;92.9;23.572258;73.064516;
83967;31/01/2011;0000;135.7;26.165806;78.943548;
83967;28/02/2011;0000;119.5;25.071429;80.232143;
83967;31/03/2011;0000;83.1;22.983871;77.193548;
83967;30/04/2011;0000;172.7;20.448;82.508333;
83967;31/05/2011;0000;50.1;16.603871;83.451613;
83967;30/06/2011;0000;109.6;13.682;81.958333;
83967;31/07/2011;0000;225.7;13.18129;84.862903;
83967;31/08/2011;0000;182.3;14.746452;79.927419;
83967;30/09/2011;0000;53;16.71;74.966667;
83967;31/10/2011;0000;123.7;19.845161;72.903226;
83967;30/11/2011;0000;13.7;21.906;68.825;
83967;31/12/2011;0000;52.1;22.880645;70.25;
83967;31/01/2012;0000;166;24.762581;70.330645;
83967;29/02/2012;0000;139.5;26.597241;71.672414;
83967;31/03/2012;0000;122.7;23.549032;69.379032;
83967;30/04/2012;0000;77.1;19.863333;75.558333;
83967;31/05/2012;0000;35.7;18.587097;77.983871;
83967;30/06/2012;0000;31.9;14.76;79.758333;
83967;31/07/2012;0000;144.9;13.310968;77.895161;
83967;31/08/2012;0000;93.6;19.1;74.75;
83967;30/09/2012;0000;273.7;18.199333;75.283333;
83967;31/10/2012;0000;121.1;21.249032;75.370968;
83967;30/11/2012;0000;26;23.300667;67.075;
83967;31/12/2012;0000;196;25.670323;68.41129;
83967;31/01/2013;0000;106.1;24.201935;67.314516;
83967;28/02/2013;0000;112.8;24.578571;73.892857;
83967;31/03/2013;0000;78;21.727742;76.032258;
83967;30/04/2013;0000;108.9;20.280667;74.275;
83967;31/05/2013;0000;65.3;16.44;80.370968;
83967;30/06/2013;0000;100.7;14.557333;84.55;
83967;31/07/2013;0000;115.9;13.625806;80.604839;
83967;31/08/2013;0000;247.4;13.703226;82.419355;
83967;30/09/2013;0000;135.3;17.52;78.358333;
83967;31/10/2013;0000;131.8;19.22129;74.774194;
83967;30/11/2013;0000;184.6;22.302667;71.166667;
83967;31/12/2013;0000;76.6;24.915484;70.919355;
83967;31/01/2014;0000;76.8;26.620645;71.266129;
83967;28/02/2014;0000;147.7;26.170714;74.321429;
83967;31/03/2014;0000;126.4;23.077419;77.741935;
83967;30/04/2014;0000;83.5;21.084667;76.9;
83967;31/05/2014;0000;71;16.76129;83.862903;
83967;30/06/2014;0000;228.6;15.248667;87.125;
83967;31/07/2014;0000;253.5;15.331613;82.879032;
83967;31/08/2014;0000;129.1;15.929677;78.096774;
83967;30/09/2014;0000;154.2;18.615333;81.108333;
83967;31/10/2014;0000;185.3;21.127097;76.564516;
83967;30/11/2014;0000;101.9;22.932;72.566667;
83967;31/12/2014;0000;172.2;24.383226;74.959677;
83967;31/01/2015;0000;160.4;25.625806;75.524194;
83967;28/02/2015;0000;95;24.963571;77.401786;
83967;31/03/2015;0000;52.9;23.997419;75.620968;
83967;30/04/2015;0000;72.5;21.052667;77.233333;
83967;31/05/2015;0000;136;18.292258;83.225806;
83967;30/06/2015;0000;170;15.456667;82.708333;
83967;31/07/2015;0000;309.2;15.665161;87.064516;
83967;31/08/2015;0000;108.9;20.193548;74.564516;
83967;30/09/2015;0000;184;17.292;78.533333;
83967;31/10/2015;0000;307.3;18.86;81.258065;
83967;30/11/2015;0000;123.7;20.96;76.633333;
83967;31/12/2015;0000;100.2;23.958065;78.395161;
83967;31/01/2016;0000;109.4;25.853548;71.379032;
83967;29/02/2016;0000;138.6;25.969655;73.810345;
83967;31/03/2016;0000;302.4;22.901935;78.645161;
83967;30/04/2016;0000;215.9;22.794483;81.475;
83967;31/05/2016;0000;72.5;15.252903;84.645161;
83967;30/06/2016;0000;6.8;11.548;82.4;
83967;31/07/2016;0000;150.7;14.2;80.008065;
83967;31/08/2016;0000;98.8;16.211613;79.516129;
83967;30/09/2016;0000;90.6;16.376667;75.616667;
83967;31/10/2016;0000;191.6;19.381935;76.145161;
83967;30/11/2016;0000;103.9;21.173333;69.108333;
83967;31/12/2016;0000;128.1;24.697419;70.258065;
83967;31/01/2017;0000;197.1;25.610968;74.387097;
83967;28/02/2017;0000;50.5;26.497143;74.910714;
83967;31/03/2017;0000;165.6;23.377419;76.040323;
83967;30/04/2017;0000;114.9;20.447333;76.691667;
83967;31/05/2017;0000;184.5;18.407097;85.403226;
83967;30/06/2017;0000;196.9;15.926;82.958333;
83967;31/07/2017;0000;18.7;16.360645;75.185484;
83967;31/08/2017;0000;105.9;17.594839;77.298387;
83967;30/09/2017;0000;164.7;20.498;79.125;
83967;31/10/2017;0000;290.4;20.063226;74.346774;
83967;30/11/2017;0000;137.9;20.907333;69.8;
83967;31/12/2017;0000;153.5;24.179355;72.33871;
83967;31/01/2018;0000;150;24.892258;73.201613;
83967;28/02/2018;0000;119.1;23.920714;72.142857;
83967;31/03/2018;0000;99.4;23.145161;75.903226;
83967;30/04/2018;0000;103.3;23.354;77.066667;
83967;31/05/2018;0000;88.2;17.98;79.451613;
83967;30/06/2018;0000;149.8;13.326667;82.733333;
83967;31/07/2018;0000;186.5;14.641935;84.185484;
83967;31/08/2018;0000;123;14.303226;78.548387;
83967;30/09/2018;0000;168;19.314667;79.433333;
83967;31/10/2018;0000;91;20.321935;73.120968;
83967;30/11/2018;0000;125.3;22.79;69.558333;
83967;31/12/2018;0000;61.6;24.5;68.193548;